.Random.seed <-
c(403L, 10L, -1529510984L, -590012517L, -466139655L, 628966728L, 
1170591862L, -515613263L, -1079344157L, -1981562702L, -459739900L, 
-1902662073L, 1386649885L, -1672669292L, -1290872006L, -1442388091L, 
-197143457L, 563748582L, 1215522160L, -697479533L, -1277036751L, 
-870699552L, -1596040578L, -1892693751L, -651449541L, 1494344458L, 
1668459244L, -14440593L, 963938469L, 1831690844L, 1222758962L, 
-641492691L, 1489395687L, -1458362610L, 1401567464L, 1423690475L, 
773047177L, 2032312088L, 1160135238L, -19733855L, 2145076531L, 
939621538L, -1305283692L, 287599127L, 2122411533L, 886901540L, 
223188746L, -947930507L, -800183857L, 829862614L, -1111796096L, 
-915351357L, -1862822303L, -696930608L, -1825605586L, -541061671L, 
122155499L, 752153690L, 2006060572L, 2095906591L, 319787893L, 
362469900L, -1523885086L, 201631933L, -496478409L, 1470570462L, 
1242123544L, 890085499L, 834516505L, 1175215784L, -418960298L, 
-700176175L, 1896551555L, 1395455762L, 441012900L, 1128144487L, 
-1576685635L, 593363252L, 2058953370L, -1997233947L, -1078402433L, 
-48690170L, -402636912L, -1164303821L, 1713699281L, 81832832L, 
-1521580450L, 111435177L, 1532447835L, 910292074L, 213241100L, 
1522061135L, -1931179003L, -1747053892L, 969393042L, 260178061L, 
1737709255L, -1961230418L, 1468647944L, -59068917L, 1109321449L, 
1987027384L, -801595802L, 1406810881L, -665383533L, 1320904258L, 
-1123698188L, 1255891959L, 419387373L, 802148484L, -476813654L, 
-1228260331L, -1381577553L, 643170998L, -1891024672L, 1148513315L, 
1204040513L, -2057216464L, -477184946L, 502420665L, -1791700789L, 
-209388166L, 534323324L, -1741077313L, 788451733L, -160204372L, 
-2113688702L, 2032390493L, 1811877975L, -499636418L, 1481060216L, 
-929086373L, -432319559L, 245330440L, 386431158L, 1452089329L, 
-2028770781L, 522568306L, 1150548164L, -16388473L, -1187666339L, 
557025364L, -1011754374L, 333889989L, -423259361L, -70033754L, 
1275023408L, 118051539L, -777746191L, 1513518112L, 915837630L, 
1054987977L, 733672571L, 213510730L, -39448916L, 556583343L, 
749068645L, -2076020964L, -1235053710L, 837619693L, -778887129L, 
1464031310L, -1802527576L, -717352277L, 321189833L, -2090325032L, 
-804570490L, -613139615L, -923582733L, -1494531742L, 668901332L, 
859146967L, 1595568333L, -265418652L, -1686198710L, -1845472331L, 
-2043998449L, 1333201942L, -1829644608L, -1865805693L, 1580174497L, 
609280656L, -253337234L, -953852135L, 107189163L, -1821326950L, 
990688604L, 1557458015L, 1540453429L, 1818087372L, -1192170718L, 
-798362243L, -911378825L, -595947618L, 345976408L, 2004731835L, 
-639915687L, -1397546264L, 516053782L, 1330130065L, 174760259L, 
-2034062254L, -591663388L, 87218471L, -666863235L, -1265454988L, 
-830705062L, 2017042085L, 907488447L, -475795642L, 1095618000L, 
716763123L, -1975388399L, -1154664640L, 882523934L, -161247255L, 
-1646107365L, -140656854L, 949661772L, -1960454129L, -342863035L, 
-2046946052L, 1654113106L, 1050563789L, 69670023L, 1137889134L, 
-1059208888L, 1298244939L, 1688332457L, -1001811764L, 414308512L, 
-1377805950L, -698681112L, 2098796780L, 2145032252L, -1821826958L, 
996288624L, -1979031004L, 1549673016L, 1691658778L, 1549045968L, 
-650561988L, 1641434260L, -1736862590L, -17266752L, 2037230908L, 
1635499664L, -1954524126L, 1805127688L, -1954005876L, 679198748L, 
-2041502574L, -33502080L, 92521492L, 115041064L, 845485114L, 
-360141616L, 373961836L, 1886590644L, 1187110930L, 15908832L, 
2054884300L, -986595872L, 126323746L, -2091887320L, 426006796L, 
809946684L, 121652466L, -1779304208L, -1949812924L, -1498222504L, 
971014714L, -481670928L, 87368380L, 32426516L, -1914065726L, 
-1383451040L, -501512836L, 1123149008L, -235981790L, 1816610984L, 
-773186164L, 622141884L, 1365346354L, -553331904L, 293478068L, 
-580021944L, 909324986L, -1962508528L, -1990688532L, -2131216300L, 
-1203812590L, -1660853856L, 940730316L, -2016993440L, 88452290L, 
-2115940824L, -1604130388L, 315335484L, 1333093234L, -446034128L, 
2116780068L, -1603944904L, -1629580582L, -515647600L, 376173820L, 
1642253716L, -2011233470L, 487442944L, -861042628L, 176767568L, 
62439586L, -610286776L, -1186579956L, -1085531428L, 1664299090L, 
-1853518720L, 887703380L, -1664532504L, -1875660038L, 190433104L, 
1491919916L, -19150476L, 1108881042L, 1278337632L, 562835596L, 
1853116768L, 2010159330L, -1079284568L, -2083825972L, -289351172L, 
-89322574L, -317438992L, -1389166140L, -393724584L, 2060808570L, 
-796200528L, -1914295876L, 1633812052L, -1779066430L, -736083168L, 
-143117380L, -1465036720L, 1165777890L, 1878458216L, -666708148L, 
-338153732L, -655079694L, 1268677888L, 1199045748L, 1074490888L, 
2127799738L, 402695632L, -587307028L, -1591268460L, 726657234L, 
2045400160L, 1893371212L, 2017227552L, -36164990L, -1944268312L, 
1720736748L, -1669575108L, -678771086L, -1022530704L, 1366396196L, 
439982648L, -1850801766L, -1105244720L, -114113092L, -1450373484L, 
-982486398L, 342642112L, 65492796L, -1532714352L, -895637726L, 
-416102904L, 1244324620L, -2118749284L, 142359570L, -1821013120L, 
-957805804L, -1083337432L, 791584826L, 931066832L, -1468704148L, 
-1081791436L, -482299758L, -869074592L, -1505641140L, 1151014368L, 
1848114082L, 354286504L, -168432500L, 1904567228L, -15051662L, 
892348400L, 604804164L, -278615976L, 2019733562L, 391161968L, 
-1890587076L, 1066657556L, -974091582L, -1810025760L, -1430477700L, 
2119617744L, 1774519202L, -1035796952L, -1084051188L, 578566076L, 
140542258L, 2037962944L, 849719860L, -587240760L, 988664506L, 
-1379869552L, -1806305556L, 166401620L, -1051576686L, 786802464L, 
656168908L, -914511648L, -1927110974L, 1598354472L, 1376893868L, 
-24184132L, 1159717362L, 1242879536L, -2100652124L, -1048825416L, 
-2075128998L, 746874000L, -1697334404L, -944296172L, 1590127938L, 
1051782912L, 602962876L, -1725247664L, -1915129566L, 939690568L, 
1313585164L, 1809591388L, -69004846L, 410301952L, 464671060L, 
242159848L, -769789702L, 2005759696L, 1279658284L, -934057740L, 
308747666L, -2146948768L, -1082890228L, -707663136L, 556798562L, 
1194066844L, 1332911050L, 31175871L, -980167159L, -632463586L, 
1609967308L, 35030685L, 1389335335L, 1056685392L, 927695854L, 
-960729957L, 1962182397L, 1062112746L, 914529928L, 247629873L, 
-1577610589L, -655869276L, 2050304850L, 599925415L, 550895345L, 
1661242934L, 893473492L, 1803167333L, -53808017L, -448147800L, 
1477618694L, -1658611405L, -651606635L, -1249392142L, 308258368L, 
-864860247L, 1449912859L, -615439380L, -884390918L, -412356561L, 
-1004445639L, -1442401714L, 1227428508L, -684771315L, -865246089L, 
1076081792L, -99540258L, -1282518613L, -65189203L, -1709895910L, 
437260248L, 876272705L, -1802499341L, 1891355924L, 559290530L, 
2033153463L, 1328793985L, 417410950L, 643775940L, -903095051L, 
-969231009L, -2144274504L, -1848329578L, -329522013L, -1959354779L, 
341592962L, -1694455568L, 2000670873L, -388355957L, -312405636L, 
-916058198L, -372002849L, -1290265239L, 927506814L, 1114468716L, 
-1226200643L, -1102898553L, -1936417168L, -1541741298L, 721807931L, 
-1908223715L, -1193860150L, 1296391400L, 119111633L, 1804087747L, 
661895876L, 369162610L, -1990335417L, -1046550511L, 758296982L, 
-1450220300L, -1675129211L, -290215985L, -1543289144L, -2113740954L, 
755172755L, 1805727477L, -56117550L, -1658683104L, -460345079L, 
2064791099L, -1253037172L, 630401562L, -1413137777L, -1689852455L, 
828451438L, -318932484L, 1876728685L, -292854505L, 1449742560L, 
-1151596866L, -2143722357L, -283061491L, 1431368506L, 1515899768L, 
1773533473L, -1975643693L, 1426145524L, -869105278L, -1627372521L, 
1334383329L, 843074598L, -456484572L, 2094520789L, 1466168703L, 
-2129884136L, 287736630L, -473287229L, 419871749L, 1056004002L, 
-969018480L, -147032263L, 768910315L, -916753188L, 935611658L, 
1204515839L, -1111161271L, -1398983714L, -1126429812L, 118737757L, 
-1924678809L, -957747056L, 200797870L, 2054376283L, -1052697795L, 
2144915882L, -970408376L, 519900785L, 147001315L, -1170646300L, 
-1808604654L, 428824039L, -917634639L, -991229962L, -669664748L, 
